list(adj = c(4, 5, 8, 10, 20, 4, 11, 14, 15, 13, 1, 2, 10, 11, 
13, 15, 16, 20, 1, 8, 15, 20, 9, 12, 13, 16, 19, 8, 12, 17, 19, 
1, 5, 7, 10, 13, 17, 21, 6, 11, 16, 18, 1, 4, 8, 13, 21, 2, 4, 
9, 16, 6, 7, 19, 3, 4, 6, 8, 10, 16, 17, 19, 21, 2, 15, 2, 4, 
5, 14, 20, 4, 6, 9, 11, 13, 7, 8, 13, 19, 9, 6, 7, 12, 13, 17, 
1, 4, 5, 15, 8, 10, 13), weights = c(1, 1, 1, 1, 1, 1, 1, 1, 
1, 1, 1, 1, 1, 1, 1, 1, 1, 1, 1, 1, 1, 1, 1, 1, 1, 1, 1, 1, 1, 
1, 1, 1, 1, 1, 1, 1, 1, 1, 1, 1, 1, 1, 1, 1, 1, 1, 1, 1, 1, 1, 
1, 1, 1, 1, 1, 1, 1, 1, 1, 1, 1, 1, 1, 1, 1, 1, 1, 1, 1, 1, 1, 
1, 1, 1, 1, 1, 1, 1, 1, 1, 1, 1, 1, 1, 1, 1, 1, 1, 1, 1, 1, 1
), num = c(5, 4, 1, 8, 4, 5, 4, 7, 4, 5, 4, 3, 9, 2, 5, 5, 4, 
1, 5, 4, 3, 0))
